0	0	0.8	0	0.2	1
1	0	0.8	0	0.2	1
2	0	0.8	0	0.2	1
3	0	0.8	0	0.2	1
4	0	0.79	0.01	0.2	1
5	0	0.78	0.02	0.2	1
6	0	0.78	0.02	0.2	1
7	0	0.78	0.02	0.2	1
8	0	0.78	0.02	0.2	1
9	0	0.78	0.02	0.2	1
10	0	0.78	0.02	0.2	1
11	0	0.78	0.02	0.2	1
12	0	0.77	0.03	0.2	1
13	0	0.77	0.03	0.2	1
14	0	0.77	0.03	0.2	1
15	0	0.77	0.03	0.2	1
16	0	0.77	0.03	0.2	1
17	0	0.77	0.03	0.2	1
18	0	0.77	0.03	0.2	1
19	0	0.77	0.03	0.2	1
20	0	0.77	0.03	0.2	1
21	0	0.77	0.03	0.2	1
22	0	0.77	0.03	0.2	1
23	0	0.77	0.03	0.2	1
24	0	0.77	0.03	0.2	1
25	0	0.76	0.04	0.2	1
26	0	0.76	0.04	0.2	1
27	0	0.76	0.04	0.2	1
28	0	0.76	0.04	0.2	1
29	0	0.77	0.03	0.2	1
30	0	0.76	0.04	0.2	1
31	0	0.75	0.05	0.2	1
32	0	0.75	0.05	0.2	1
33	0	0.75	0.05	0.2	1
34	0	0.75	0.05	0.2	1
35	0	0.75	0.05	0.2	1
36	0	0.75	0.05	0.2	1
37	0	0.75	0.05	0.2	1
38	0	0.75	0.05	0.2	1
39	0	0.75	0.05	0.2	1
40	0	0.75	0.05	0.2	1
41	0	0.75	0.05	0.2	1
42	0	0.74	0.06	0.2	1
43	0	0.75	0.05	0.2	1
44	0	0.75	0.05	0.2	1
45	0	0.75	0.05	0.2	1
46	0	0.75	0.05	0.2	1
47	0	0.75	0.05	0.2	1
48	0	0.75	0.05	0.2	1
49	0	0.75	0.05	0.2	1
50	0	0.75	0.05	0.2	1
51	0	0.75	0.05	0.2	1
52	0	0.74	0.06	0.2	1
53	0	0.74	0.06	0.2	1
54	0	0.74	0.06	0.2	1
55	0	0.74	0.06	0.2	1
56	0	0.73	0.07	0.2	1
57	0	0.72	0.08	0.2	1
58	0	0.72	0.08	0.2	1
59	0	0.71	0.09	0.2	1
60	0	0.71	0.09	0.2	1
61	0	0.71	0.09	0.2	1
62	0	0.71	0.09	0.2	1
63	0	0.71	0.09	0.2	1
64	0	0.71	0.09	0.2	1
65	0	0.71	0.09	0.2	1
66	0	0.71	0.09	0.2	1
67	0	0.72	0.08	0.2	1
68	0	0.72	0.08	0.2	1
69	0	0.72	0.08	0.2	1
70	0	0.72	0.08	0.2	1
71	0	0.72	0.08	0.2	1
72	0	0.72	0.08	0.2	1
73	0	0.72	0.08	0.2	1
74	0	0.72	0.08	0.2	1
75	0	0.72	0.08	0.2	1
76	0	0.72	0.08	0.2	1
77	0	0.72	0.08	0.2	1
78	0	0.72	0.08	0.2	1
79	0	0.71	0.09	0.2	1
80	0	0.71	0.09	0.2	1
81	0	0.71	0.09	0.2	1
82	0	0.7	0.1	0.2	1
83	0	0.7	0.1	0.2	1
84	0	0.71	0.09	0.2	1
85	0	0.71	0.09	0.2	1
86	0	0.71	0.09	0.2	1
87	0	0.71	0.09	0.2	1
88	0	0.7	0.1	0.2	1
89	0	0.7	0.1	0.2	1
90	0	0.7	0.1	0.2	1
91	0	0.69	0.11	0.2	1
92	0	0.69	0.11	0.2	1
93	0	0.69	0.11	0.2	1
94	0	0.69	0.11	0.2	1
95	0	0.69	0.11	0.2	1
96	0	0.69	0.11	0.2	1
97	0	0.69	0.11	0.2	1
98	0	0.69	0.11	0.2	1
99	0	0.69	0.11	0.2	1
100	0	0.69	0.11	0.2	1
101	0	0.69	0.11	0.2	1
102	0	0.69	0.11	0.2	1
103	0	0.7	0.1	0.2	1
104	0	0.7	0.1	0.2	1
105	0	0.7	0.1	0.2	1
106	0	0.7	0.1	0.2	1
107	0.01	0.7	0.09	0.2	1
108	0.01	0.69	0.1	0.2	1
109	0.01	0.69	0.1	0.2	1
110	0.01	0.69	0.1	0.2	1
111	0.01	0.68	0.11	0.2	1
112	0.01	0.68	0.11	0.2	1
113	0.02	0.68	0.1	0.2	1
114	0.02	0.68	0.1	0.2	1
115	0.02	0.68	0.1	0.2	1
116	0.02	0.68	0.1	0.2	1
117	0.02	0.68	0.1	0.2	1
118	0.02	0.68	0.1	0.2	1
119	0.02	0.68	0.1	0.2	1
120	0.02	0.67	0.11	0.2	1
121	0.02	0.68	0.1	0.2	1
122	0.02	0.69	0.09	0.2	1
123	0.02	0.69	0.09	0.2	1
124	0.02	0.69	0.09	0.2	1
125	0.02	0.69	0.09	0.2	1
126	0.02	0.69	0.09	0.2	1
127	0.02	0.69	0.09	0.2	1
128	0.02	0.69	0.09	0.2	1
129	0.02	0.69	0.09	0.2	1
130	0.02	0.68	0.1	0.2	1
131	0.02	0.67	0.11	0.2	1
132	0.02	0.68	0.1	0.2	1
133	0.02	0.69	0.09	0.2	1
134	0.02	0.69	0.09	0.2	1
135	0.02	0.69	0.09	0.2	1
136	0.02	0.69	0.09	0.2	1
137	0.02	0.69	0.09	0.2	1
138	0.02	0.69	0.09	0.2	1
139	0.02	0.69	0.09	0.2	1
140	0.02	0.69	0.09	0.2	1
141	0.02	0.69	0.09	0.2	1
142	0.02	0.69	0.09	0.2	1
143	0.02	0.68	0.1	0.2	1
144	0.02	0.67	0.11	0.2	1
145	0.02	0.67	0.11	0.2	1
146	0.02	0.67	0.11	0.2	1
147	0.02	0.67	0.11	0.2	1
148	0.02	0.67	0.11	0.2	1
149	0.02	0.67	0.11	0.2	1
150	0.02	0.66	0.12	0.2	1
151	0.01	0.66	0.13	0.2	1
152	0.01	0.66	0.13	0.2	1
153	0.01	0.67	0.12	0.2	1
154	0.01	0.67	0.12	0.2	1
155	0.01	0.67	0.12	0.2	1
156	0.01	0.68	0.11	0.2	1
157	0.01	0.67	0.12	0.2	1
158	0.01	0.67	0.12	0.2	1
159	0.01	0.67	0.12	0.2	1
160	0.01	0.67	0.12	0.2	1
161	0.01	0.67	0.12	0.2	1
162	0.01	0.67	0.12	0.2	1
163	0.01	0.66	0.13	0.2	1
164	0.01	0.66	0.13	0.2	1
165	0.01	0.66	0.13	0.2	1
166	0.01	0.66	0.13	0.2	1
167	0.02	0.66	0.12	0.2	1
168	0.02	0.65	0.13	0.2	1
169	0.02	0.65	0.13	0.2	1
170	0.02	0.65	0.13	0.2	1
171	0.02	0.65	0.13	0.2	1
172	0.02	0.65	0.13	0.2	1
173	0.02	0.64	0.14	0.2	1
174	0.02	0.64	0.14	0.2	1
175	0.02	0.64	0.14	0.2	1
176	0.02	0.64	0.14	0.2	1
177	0.02	0.64	0.14	0.2	1
178	0.02	0.64	0.14	0.2	1
179	0.03	0.64	0.13	0.2	1
180	0.03	0.63	0.14	0.2	1
181	0.03	0.64	0.13	0.2	1
182	0.03	0.64	0.13	0.2	1
183	0.03	0.64	0.13	0.2	1
184	0.03	0.63	0.14	0.2	1
185	0.03	0.64	0.13	0.2	1
186	0.03	0.64	0.13	0.2	1
187	0.03	0.64	0.13	0.2	1
188	0.03	0.64	0.13	0.2	1
189	0.03	0.64	0.13	0.2	1
190	0.02	0.64	0.14	0.2	1
191	0.02	0.64	0.14	0.2	1
192	0.02	0.65	0.13	0.2	1
193	0.02	0.65	0.13	0.2	1
194	0.02	0.65	0.13	0.2	1
195	0.02	0.65	0.13	0.2	1
196	0.02	0.65	0.13	0.2	1
197	0.02	0.65	0.13	0.2	1
198	0.02	0.64	0.14	0.2	1
199	0.02	0.64	0.14	0.2	1
200	0.02	0.64	0.14	0.2	1
201	0.02	0.64	0.14	0.2	1
202	0.02	0.65	0.13	0.2	1
203	0.02	0.65	0.13	0.2	1
204	0.03	0.65	0.12	0.2	1
205	0.03	0.65	0.12	0.2	1
206	0.03	0.65	0.12	0.2	1
207	0.03	0.65	0.12	0.2	1
208	0.03	0.65	0.12	0.2	1
209	0.03	0.66	0.11	0.2	1
210	0.03	0.66	0.11	0.2	1
211	0.03	0.66	0.11	0.2	1
212	0.03	0.66	0.11	0.2	1
213	0.03	0.66	0.11	0.2	1
214	0.03	0.66	0.11	0.2	1
215	0.03	0.65	0.12	0.2	1
216	0.03	0.65	0.12	0.2	1
217	0.03	0.65	0.12	0.2	1
218	0.03	0.65	0.12	0.2	1
219	0.03	0.65	0.12	0.2	1
220	0.03	0.64	0.13	0.2	1
221	0.03	0.64	0.13	0.2	1
222	0.03	0.64	0.13	0.2	1
223	0.03	0.64	0.13	0.2	1
224	0.03	0.64	0.13	0.2	1
225	0.03	0.63	0.14	0.2	1
226	0.03	0.63	0.14	0.2	1
227	0.03	0.63	0.14	0.2	1
228	0.03	0.64	0.13	0.2	1
229	0.03	0.64	0.13	0.2	1
230	0.03	0.64	0.13	0.2	1
231	0.03	0.64	0.13	0.2	1
232	0.03	0.64	0.13	0.2	1
233	0.03	0.64	0.13	0.2	1
234	0.03	0.65	0.12	0.2	1
235	0.03	0.65	0.12	0.2	1
236	0.03	0.65	0.12	0.2	1
237	0.03	0.65	0.12	0.2	1
238	0.03	0.64	0.13	0.2	1
239	0.03	0.64	0.13	0.2	1
240	0.03	0.63	0.14	0.2	1
241	0.03	0.63	0.14	0.2	1
242	0.03	0.63	0.14	0.2	1
243	0.03	0.64	0.13	0.2	1
244	0.03	0.64	0.13	0.2	1
245	0.03	0.64	0.13	0.2	1
246	0.03	0.65	0.12	0.2	1
247	0.03	0.65	0.12	0.2	1
248	0.04	0.65	0.11	0.2	1
249	0.04	0.65	0.11	0.2	1
250	0.04	0.65	0.11	0.2	1
251	0.04	0.65	0.11	0.2	1
252	0.04	0.64	0.12	0.2	1
253	0.04	0.64	0.12	0.2	1
254	0.04	0.64	0.12	0.2	1
255	0.04	0.64	0.12	0.2	1
256	0.04	0.64	0.12	0.2	1
257	0.04	0.65	0.11	0.2	1
258	0.04	0.64	0.12	0.2	1
259	0.04	0.64	0.12	0.2	1
260	0.04	0.64	0.12	0.2	1
261	0.04	0.64	0.12	0.2	1
262	0.04	0.63	0.13	0.2	1
263	0.04	0.63	0.13	0.2	1
264	0.04	0.63	0.13	0.2	1
265	0.04	0.64	0.12	0.2	1
266	0.04	0.64	0.12	0.2	1
267	0.03	0.64	0.13	0.2	1
268	0.03	0.64	0.13	0.2	1
269	0.03	0.64	0.13	0.2	1
270	0.03	0.64	0.13	0.2	1
271	0.03	0.65	0.12	0.2	1
272	0.03	0.64	0.13	0.2	1
273	0.03	0.64	0.13	0.2	1
274	0.03	0.64	0.13	0.2	1
275	0.03	0.64	0.13	0.2	1
276	0.03	0.64	0.13	0.2	1
277	0.03	0.64	0.13	0.2	1
278	0.04	0.64	0.12	0.2	1
279	0.04	0.64	0.12	0.2	1
280	0.04	0.64	0.12	0.2	1
281	0.04	0.64	0.12	0.2	1
282	0.04	0.64	0.12	0.2	1
283	0.04	0.64	0.12	0.2	1
284	0.04	0.63	0.13	0.2	1
285	0.04	0.63	0.13	0.2	1
286	0.04	0.63	0.13	0.2	1
287	0.04	0.63	0.13	0.2	1
288	0.03	0.63	0.14	0.2	1
289	0.03	0.63	0.14	0.2	1
290	0.04	0.63	0.13	0.2	1
291	0.03	0.63	0.14	0.2	1
292	0.03	0.64	0.13	0.2	1
293	0.03	0.64	0.13	0.2	1
294	0.03	0.64	0.13	0.2	1
295	0.03	0.64	0.13	0.2	1
296	0.03	0.64	0.13	0.2	1
297	0.03	0.64	0.13	0.2	1
298	0.03	0.64	0.13	0.2	1
299	0.03	0.64	0.13	0.2	1
300	0.03	0.64	0.13	0.2	1
301	0.03	0.63	0.14	0.2	1
302	0.03	0.63	0.14	0.2	1
303	0.03	0.63	0.14	0.2	1
304	0.03	0.63	0.14	0.2	1
305	0.03	0.63	0.14	0.2	1
306	0.04	0.63	0.13	0.2	1
307	0.04	0.63	0.13	0.2	1
308	0.04	0.63	0.13	0.2	1
309	0.04	0.63	0.13	0.2	1
310	0.04	0.63	0.13	0.2	1
311	0.04	0.62	0.14	0.2	1
312	0.04	0.63	0.13	0.2	1
313	0.04	0.63	0.13	0.2	1
314	0.04	0.63	0.13	0.2	1
315	0.04	0.63	0.13	0.2	1
316	0.04	0.63	0.13	0.2	1
317	0.04	0.63	0.13	0.2	1
318	0.04	0.63	0.13	0.2	1
319	0.04	0.63	0.13	0.2	1
320	0.04	0.63	0.13	0.2	1
321	0.04	0.63	0.13	0.2	1
322	0.04	0.62	0.14	0.2	1
323	0.04	0.62	0.14	0.2	1
324	0.04	0.61	0.15	0.2	1
325	0.04	0.61	0.15	0.2	1
326	0.04	0.61	0.15	0.2	1
327	0.04	0.6	0.16	0.2	1
328	0.03	0.6	0.17	0.2	1
329	0.03	0.59	0.18	0.2	1
330	0.03	0.58	0.19	0.2	1
331	0.02	0.58	0.2	0.2	1
332	0.02	0.58	0.2	0.2	1
333	0.02	0.58	0.2	0.2	1
334	0.02	0.58	0.2	0.2	1
335	0.02	0.58	0.2	0.2	1
336	0.02	0.59	0.19	0.2	1
337	0.02	0.59	0.19	0.2	1
338	0.02	0.59	0.19	0.2	1
339	0.02	0.59	0.19	0.2	1
340	0.02	0.59	0.19	0.2	1
341	0.02	0.59	0.19	0.2	1
342	0.02	0.58	0.2	0.2	1
343	0.02	0.58	0.2	0.2	1
344	0.02	0.58	0.2	0.2	1
345	0.02	0.58	0.2	0.2	1
346	0.01	0.58	0.21	0.2	1
347	0.01	0.57	0.22	0.2	1
348	0.01	0.57	0.22	0.2	1
349	0.01	0.56	0.23	0.2	1
350	0.01	0.55	0.24	0.2	1
351	0.01	0.55	0.24	0.2	1
352	0	0.55	0.25	0.2	1
353	0	0.55	0.25	0.2	1
354	0	0.55	0.25	0.2	1
355	0	0.55	0.25	0.2	1
356	0	0.54	0.26	0.2	1
357	0	0.55	0.25	0.2	1
358	0	0.55	0.25	0.2	1
359	0	0.56	0.24	0.2	1
360	0	0.56	0.24	0.2	1
361	0	0.55	0.25	0.2	1
362	0	0.54	0.26	0.2	1
363	0	0.53	0.27	0.2	1
364	0	0.52	0.28	0.2	1
365	0	0.53	0.27	0.2	1
366	0	0.52	0.28	0.2	1
367	0	0.53	0.27	0.2	1
368	0	0.52	0.28	0.2	1
369	0	0.53	0.27	0.2	1
370	0.01	0.53	0.26	0.2	1
371	0.01	0.53	0.26	0.2	1
372	0.01	0.54	0.25	0.2	1
373	0.01	0.55	0.24	0.2	1
374	0.01	0.55	0.24	0.2	1
375	0.02	0.55	0.23	0.2	1
376	0.02	0.55	0.23	0.2	1
377	0.02	0.56	0.22	0.2	1
378	0.02	0.57	0.21	0.2	1
379	0.02	0.57	0.21	0.2	1
380	0.02	0.57	0.21	0.2	1
381	0.02	0.57	0.21	0.2	1
382	0.02	0.58	0.2	0.2	1
383	0.02	0.58	0.2	0.2	1
384	0.03	0.58	0.19	0.2	1
385	0.03	0.58	0.19	0.2	1
386	0.03	0.58	0.19	0.2	1
387	0.03	0.58	0.19	0.2	1
388	0.03	0.57	0.2	0.2	1
389	0.03	0.57	0.2	0.2	1
390	0.03	0.57	0.2	0.2	1
391	0.03	0.57	0.2	0.2	1
392	0.03	0.57	0.2	0.2	1
393	0.03	0.57	0.2	0.2	1
394	0.03	0.57	0.2	0.2	1
395	0.03	0.57	0.2	0.2	1
396	0.03	0.57	0.2	0.2	1
397	0.03	0.57	0.2	0.2	1
398	0.03	0.57	0.2	0.2	1
399	0.03	0.57	0.2	0.2	1
400	0.04	0.57	0.19	0.2	1
401	0.04	0.57	0.19	0.2	1
402	0.04	0.57	0.19	0.2	1
403	0.04	0.58	0.18	0.2	1
404	0.04	0.58	0.18	0.2	1
405	0.04	0.58	0.18	0.2	1
406	0.04	0.58	0.18	0.2	1
407	0.04	0.58	0.18	0.2	1
408	0.04	0.59	0.17	0.2	1
409	0.04	0.59	0.17	0.2	1
410	0.04	0.59	0.17	0.2	1
411	0.04	0.59	0.17	0.2	1
412	0.04	0.58	0.18	0.2	1
413	0.04	0.57	0.19	0.2	1
414	0.04	0.56	0.2	0.2	1
415	0.05	0.56	0.19	0.2	1
416	0.05	0.56	0.19	0.2	1
417	0.05	0.57	0.18	0.2	1
418	0.05	0.57	0.18	0.2	1
419	0.05	0.57	0.18	0.2	1
420	0.05	0.57	0.18	0.2	1
421	0.05	0.57	0.18	0.2	1
422	0.05	0.57	0.18	0.2	1
423	0.05	0.57	0.18	0.2	1
424	0.05	0.57	0.18	0.2	1
425	0.05	0.57	0.18	0.2	1
426	0.05	0.57	0.18	0.2	1
427	0.05	0.57	0.18	0.2	1
428	0.05	0.57	0.18	0.2	1
429	0.05	0.57	0.18	0.2	1
430	0.05	0.57	0.18	0.2	1
431	0.05	0.58	0.17	0.2	1
432	0.05	0.57	0.18	0.2	1
433	0.05	0.57	0.18	0.2	1
434	0.05	0.57	0.18	0.2	1
435	0.05	0.57	0.18	0.2	1
436	0.05	0.57	0.18	0.2	1
437	0.05	0.57	0.18	0.2	1
438	0.05	0.57	0.18	0.2	1
439	0.05	0.57	0.18	0.2	1
440	0.05	0.57	0.18	0.2	1
441	0.05	0.58	0.17	0.2	1
442	0.05	0.58	0.17	0.2	1
443	0.05	0.59	0.16	0.2	1
444	0.05	0.59	0.16	0.2	1
445	0.05	0.59	0.16	0.2	1
446	0.05	0.59	0.16	0.2	1
447	0.05	0.59	0.16	0.2	1
448	0.05	0.59	0.16	0.2	1
449	0.05	0.59	0.16	0.2	1
450	0.05	0.58	0.17	0.2	1
451	0.05	0.57	0.18	0.2	1
452	0.05	0.56	0.19	0.2	1
453	0.05	0.56	0.19	0.2	1
454	0.05	0.56	0.19	0.2	1
455	0.05	0.55	0.2	0.2	1
456	0.05	0.55	0.2	0.2	1
457	0.05	0.55	0.2	0.2	1
458	0.05	0.55	0.2	0.2	1
459	0.05	0.55	0.2	0.2	1
460	0.05	0.55	0.2	0.2	1
461	0.05	0.55	0.2	0.2	1
462	0.05	0.55	0.2	0.2	1
463	0.05	0.55	0.2	0.2	1
464	0.05	0.55	0.2	0.2	1
465	0.05	0.54	0.21	0.2	1
466	0.05	0.53	0.22	0.2	1
467	0.05	0.53	0.22	0.2	1
468	0.05	0.53	0.22	0.2	1
469	0.05	0.53	0.22	0.2	1
470	0.05	0.53	0.22	0.2	1
471	0.05	0.54	0.21	0.2	1
472	0.05	0.54	0.21	0.2	1
473	0.05	0.54	0.21	0.2	1
474	0.05	0.54	0.21	0.2	1
475	0.05	0.55	0.2	0.2	1
476	0.05	0.56	0.19	0.2	1
477	0.05	0.57	0.18	0.2	1
478	0.05	0.56	0.19	0.2	1
479	0.05	0.56	0.19	0.2	1
480	0.05	0.56	0.19	0.2	1
481	0.05	0.56	0.19	0.2	1
482	0.05	0.56	0.19	0.2	1
483	0.05	0.56	0.19	0.2	1
484	0.05	0.56	0.19	0.2	1
485	0.05	0.56	0.19	0.2	1
486	0.05	0.57	0.18	0.2	1
487	0.05	0.57	0.18	0.2	1
488	0.05	0.57	0.18	0.2	1
489	0.05	0.58	0.17	0.2	1
490	0.04	0.58	0.18	0.2	1
491	0.04	0.58	0.18	0.2	1
492	0.04	0.58	0.18	0.2	1
493	0.04	0.58	0.18	0.2	1
494	0.04	0.58	0.18	0.2	1
495	0.05	0.58	0.17	0.2	1
496	0.05	0.58	0.17	0.2	1
497	0.05	0.58	0.17	0.2	1
498	0.05	0.58	0.17	0.2	1
499	0.05	0.58	0.17	0.2	1
500	0.05	0.58	0.17	0.2	1
501	0.05	0.58	0.17	0.2	1
502	0.04	0.58	0.18	0.2	1
503	0.04	0.58	0.18	0.2	1
504	0.04	0.59	0.17	0.2	1
505	0.04	0.6	0.16	0.2	1
506	0.04	0.6	0.16	0.2	1
507	0.04	0.59	0.17	0.2	1
508	0.04	0.59	0.17	0.2	1
509	0.04	0.58	0.18	0.2	1
510	0.04	0.58	0.18	0.2	1
511	0.04	0.58	0.18	0.2	1
512	0.04	0.58	0.18	0.2	1
513	0.04	0.57	0.19	0.2	1
514	0.04	0.57	0.19	0.2	1
515	0.04	0.57	0.19	0.2	1
516	0.04	0.57	0.19	0.2	1
517	0.04	0.58	0.18	0.2	1
518	0.04	0.58	0.18	0.2	1
519	0.04	0.57	0.19	0.2	1
520	0.04	0.57	0.19	0.2	1
521	0.04	0.58	0.18	0.2	1
522	0.04	0.58	0.18	0.2	1
523	0.04	0.58	0.18	0.2	1
524	0.04	0.58	0.18	0.2	1
525	0.04	0.58	0.18	0.2	1
526	0.04	0.57	0.19	0.2	1
527	0.04	0.57	0.19	0.2	1
528	0.04	0.57	0.19	0.2	1
529	0.04	0.58	0.18	0.2	1
530	0.04	0.58	0.18	0.2	1
531	0.04	0.58	0.18	0.2	1
532	0.04	0.59	0.17	0.2	1
533	0.04	0.58	0.18	0.2	1
534	0.04	0.59	0.17	0.2	1
535	0.04	0.59	0.17	0.2	1
536	0.04	0.59	0.17	0.2	1
537	0.04	0.58	0.18	0.2	1
538	0.04	0.58	0.18	0.2	1
539	0.05	0.58	0.17	0.2	1
540	0.05	0.58	0.17	0.2	1
541	0.05	0.57	0.18	0.2	1
542	0.05	0.57	0.18	0.2	1
543	0.05	0.57	0.18	0.2	1
544	0.05	0.58	0.17	0.2	1
545	0.05	0.58	0.17	0.2	1
546	0.05	0.58	0.17	0.2	1
547	0.05	0.58	0.17	0.2	1
548	0.05	0.58	0.17	0.2	1
549	0.06	0.58	0.16	0.2	1
550	0.06	0.57	0.17	0.2	1
551	0.06	0.58	0.16	0.2	1
552	0.06	0.58	0.16	0.2	1
553	0.05	0.58	0.17	0.2	1
554	0.05	0.57	0.18	0.2	1
555	0.05	0.57	0.18	0.2	1
556	0.05	0.57	0.18	0.2	1
557	0.05	0.57	0.18	0.2	1
558	0.05	0.58	0.17	0.2	1
559	0.05	0.58	0.17	0.2	1
560	0.05	0.58	0.17	0.2	1
561	0.05	0.58	0.17	0.2	1
562	0.05	0.57	0.18	0.2	1
563	0.05	0.56	0.19	0.2	1
564	0.05	0.55	0.2	0.2	1
565	0.05	0.55	0.2	0.2	1
566	0.05	0.55	0.2	0.2	1
567	0.05	0.55	0.2	0.2	1
568	0.05	0.55	0.2	0.2	1
569	0.05	0.55	0.2	0.2	1
570	0.05	0.55	0.2	0.2	1
571	0.05	0.55	0.2	0.2	1
572	0.05	0.55	0.2	0.2	1
573	0.05	0.56	0.19	0.2	1
574	0.05	0.56	0.19	0.2	1
575	0.05	0.57	0.18	0.2	1
576	0.05	0.56	0.19	0.2	1
577	0.05	0.56	0.19	0.2	1
578	0.05	0.56	0.19	0.2	1
579	0.05	0.55	0.2	0.2	1
580	0.06	0.55	0.19	0.2	1
581	0.07	0.55	0.18	0.2	1
582	0.07	0.55	0.18	0.2	1
583	0.07	0.55	0.18	0.2	1
584	0.07	0.54	0.19	0.2	1
585	0.07	0.53	0.2	0.2	1
586	0.07	0.53	0.2	0.2	1
587	0.07	0.53	0.2	0.2	1
588	0.07	0.54	0.19	0.2	1
589	0.07	0.53	0.2	0.2	1
590	0.07	0.53	0.2	0.2	1
591	0.07	0.53	0.2	0.2	1
592	0.07	0.53	0.2	0.2	1
593	0.07	0.53	0.2	0.2	1
594	0.07	0.53	0.2	0.2	1
595	0.07	0.54	0.19	0.2	1
596	0.07	0.54	0.19	0.2	1
597	0.07	0.53	0.2	0.2	1
598	0.07	0.54	0.19	0.2	1
599	0.07	0.54	0.19	0.2	1
600	0.07	0.54	0.19	0.2	1
601	0.07	0.55	0.18	0.2	1
602	0.07	0.55	0.18	0.2	1
603	0.07	0.55	0.18	0.2	1
604	0.08	0.55	0.17	0.2	1
605	0.08	0.55	0.17	0.2	1
606	0.08	0.56	0.16	0.2	1
607	0.08	0.55	0.17	0.2	1
608	0.08	0.56	0.16	0.2	1
609	0.08	0.56	0.16	0.2	1
610	0.08	0.56	0.16	0.2	1
611	0.08	0.55	0.17	0.2	1
612	0.08	0.55	0.17	0.2	1
613	0.08	0.55	0.17	0.2	1
614	0.08	0.55	0.17	0.2	1
615	0.08	0.54	0.18	0.2	1
616	0.08	0.54	0.18	0.2	1
617	0.08	0.54	0.18	0.2	1
618	0.08	0.54	0.18	0.2	1
619	0.08	0.54	0.18	0.2	1
620	0.08	0.54	0.18	0.2	1
621	0.08	0.55	0.17	0.2	1
622	0.08	0.55	0.17	0.2	1
623	0.08	0.54	0.18	0.2	1
624	0.08	0.54	0.18	0.2	1
625	0.08	0.54	0.18	0.2	1
626	0.09	0.54	0.17	0.2	1
627	0.09	0.55	0.16	0.2	1
628	0.09	0.55	0.16	0.2	1
629	0.09	0.55	0.16	0.2	1
630	0.09	0.55	0.16	0.2	1
631	0.1	0.55	0.15	0.2	1
632	0.1	0.55	0.15	0.2	1
633	0.1	0.55	0.15	0.2	1
634	0.1	0.55	0.15	0.2	1
635	0.1	0.56	0.14	0.2	1
636	0.1	0.56	0.14	0.2	1
637	0.1	0.56	0.14	0.2	1
638	0.1	0.56	0.14	0.2	1
639	0.1	0.56	0.14	0.2	1
640	0.1	0.56	0.14	0.2	1
641	0.1	0.55	0.15	0.2	1
642	0.1	0.54	0.16	0.2	1
643	0.1	0.54	0.16	0.2	1
644	0.1	0.54	0.16	0.2	1
645	0.09	0.54	0.17	0.2	1
646	0.09	0.54	0.17	0.2	1
647	0.09	0.54	0.17	0.2	1
648	0.09	0.54	0.17	0.2	1
649	0.09	0.53	0.18	0.2	1
650	0.08	0.53	0.19	0.2	1
651	0.08	0.54	0.18	0.2	1
652	0.08	0.54	0.18	0.2	1
653	0.08	0.54	0.18	0.2	1
654	0.08	0.54	0.18	0.2	1
655	0.08	0.54	0.18	0.2	1
656	0.08	0.54	0.18	0.2	1
657	0.09	0.54	0.17	0.2	1
658	0.09	0.54	0.17	0.2	1
659	0.09	0.54	0.17	0.2	1
660	0.09	0.54	0.17	0.2	1
661	0.09	0.54	0.17	0.2	1
662	0.09	0.54	0.17	0.2	1
663	0.09	0.55	0.16	0.2	1
664	0.09	0.56	0.15	0.2	1
665	0.09	0.57	0.14	0.2	1
666	0.09	0.57	0.14	0.2	1
667	0.09	0.57	0.14	0.2	1
668	0.09	0.57	0.14	0.2	1
669	0.09	0.56	0.15	0.2	1
670	0.09	0.56	0.15	0.2	1
671	0.09	0.56	0.15	0.2	1
672	0.09	0.56	0.15	0.2	1
673	0.09	0.56	0.15	0.2	1
674	0.09	0.56	0.15	0.2	1
675	0.09	0.56	0.15	0.2	1
676	0.09	0.56	0.15	0.2	1
677	0.09	0.56	0.15	0.2	1
678	0.09	0.55	0.16	0.2	1
679	0.09	0.55	0.16	0.2	1
680	0.09	0.55	0.16	0.2	1
681	0.1	0.55	0.15	0.2	1
682	0.1	0.54	0.16	0.2	1
683	0.1	0.54	0.16	0.2	1
684	0.1	0.54	0.16	0.2	1
685	0.1	0.54	0.16	0.2	1
686	0.1	0.53	0.17	0.2	1
687	0.1	0.53	0.17	0.2	1
688	0.1	0.54	0.16	0.2	1
689	0.1	0.54	0.16	0.2	1
690	0.1	0.53	0.17	0.2	1
691	0.1	0.53	0.17	0.2	1
692	0.1	0.53	0.17	0.2	1
693	0.1	0.52	0.18	0.2	1
694	0.1	0.52	0.18	0.2	1
695	0.1	0.53	0.17	0.2	1
696	0.1	0.53	0.17	0.2	1
697	0.1	0.54	0.16	0.2	1
698	0.1	0.54	0.16	0.2	1
699	0.1	0.54	0.16	0.2	1
700	0.1	0.54	0.16	0.2	1
701	0.1	0.54	0.16	0.2	1
702	0.1	0.53	0.17	0.2	1
703	0.09	0.53	0.18	0.2	1
704	0.09	0.54	0.17	0.2	1
705	0.09	0.54	0.17	0.2	1
706	0.09	0.55	0.16	0.2	1
707	0.09	0.55	0.16	0.2	1
708	0.09	0.55	0.16	0.2	1
709	0.09	0.56	0.15	0.2	1
710	0.08	0.56	0.16	0.2	1
711	0.08	0.56	0.16	0.2	1
712	0.08	0.56	0.16	0.2	1
713	0.09	0.56	0.15	0.2	1
714	0.09	0.56	0.15	0.2	1
715	0.09	0.56	0.15	0.2	1
716	0.09	0.56	0.15	0.2	1
717	0.08	0.56	0.16	0.2	1
718	0.08	0.56	0.16	0.2	1
719	0.08	0.56	0.16	0.2	1
720	0.08	0.56	0.16	0.2	1
721	0.08	0.55	0.17	0.2	1
722	0.08	0.56	0.16	0.2	1
723	0.08	0.55	0.17	0.2	1
724	0.08	0.55	0.17	0.2	1
725	0.08	0.55	0.17	0.2	1
726	0.08	0.54	0.18	0.2	1
727	0.08	0.54	0.18	0.2	1
728	0.08	0.54	0.18	0.2	1
729	0.08	0.54	0.18	0.2	1
730	0.08	0.54	0.18	0.2	1
731	0.08	0.54	0.18	0.2	1
732	0.08	0.55	0.17	0.2	1
733	0.08	0.55	0.17	0.2	1
734	0.08	0.55	0.17	0.2	1
735	0.08	0.54	0.18	0.2	1
736	0.08	0.54	0.18	0.2	1
737	0.08	0.54	0.18	0.2	1
738	0.08	0.54	0.18	0.2	1
739	0.08	0.53	0.19	0.2	1
740	0.08	0.53	0.19	0.2	1
741	0.08	0.54	0.18	0.2	1
742	0.08	0.53	0.19	0.2	1
743	0.08	0.53	0.19	0.2	1
744	0.08	0.54	0.18	0.2	1
745	0.07	0.54	0.19	0.2	1
746	0.07	0.54	0.19	0.2	1
747	0.07	0.54	0.19	0.2	1
748	0.07	0.54	0.19	0.2	1
749	0.07	0.55	0.18	0.2	1
750	0.07	0.56	0.17	0.2	1
751	0.06	0.56	0.18	0.2	1
752	0.06	0.55	0.19	0.2	1
753	0.06	0.55	0.19	0.2	1
754	0.06	0.55	0.19	0.2	1
755	0.06	0.54	0.2	0.2	1
756	0.05	0.54	0.21	0.2	1
757	0.05	0.53	0.22	0.2	1
758	0.05	0.53	0.22	0.2	1
759	0.05	0.54	0.21	0.2	1
760	0.05	0.54	0.21	0.2	1
761	0.05	0.54	0.21	0.2	1
762	0.05	0.54	0.21	0.2	1
763	0.06	0.54	0.2	0.2	1
764	0.06	0.54	0.2	0.2	1
765	0.06	0.54	0.2	0.2	1
766	0.05	0.54	0.21	0.2	1
767	0.05	0.53	0.22	0.2	1
768	0.05	0.53	0.22	0.2	1
769	0.05	0.53	0.22	0.2	1
770	0.05	0.53	0.22	0.2	1
771	0.05	0.54	0.21	0.2	1
772	0.05	0.55	0.2	0.2	1
773	0.05	0.55	0.2	0.2	1
774	0.05	0.55	0.2	0.2	1
775	0.05	0.55	0.2	0.2	1
776	0.05	0.55	0.2	0.2	1
777	0.06	0.55	0.19	0.2	1
778	0.06	0.56	0.18	0.2	1
779	0.06	0.55	0.19	0.2	1
780	0.06	0.55	0.19	0.2	1
781	0.06	0.55	0.19	0.2	1
782	0.06	0.54	0.2	0.2	1
783	0.06	0.54	0.2	0.2	1
784	0.06	0.54	0.2	0.2	1
785	0.06	0.54	0.2	0.2	1
786	0.07	0.54	0.19	0.2	1
787	0.07	0.54	0.19	0.2	1
788	0.08	0.54	0.18	0.2	1
789	0.08	0.54	0.18	0.2	1
790	0.08	0.54	0.18	0.2	1
791	0.08	0.54	0.18	0.2	1
792	0.08	0.54	0.18	0.2	1
793	0.08	0.54	0.18	0.2	1
794	0.08	0.54	0.18	0.2	1
795	0.08	0.54	0.18	0.2	1
796	0.08	0.54	0.18	0.2	1
797	0.08	0.54	0.18	0.2	1
798	0.08	0.54	0.18	0.2	1
799	0.08	0.55	0.17	0.2	1
800	0.08	0.56	0.16	0.2	1
801	0.08	0.56	0.16	0.2	1
802	0.08	0.56	0.16	0.2	1
803	0.09	0.56	0.15	0.2	1
804	0.08	0.56	0.16	0.2	1
805	0.08	0.55	0.17	0.2	1
806	0.08	0.55	0.17	0.2	1
807	0.08	0.55	0.17	0.2	1
808	0.08	0.55	0.17	0.2	1
809	0.08	0.56	0.16	0.2	1
810	0.09	0.56	0.15	0.2	1
811	0.09	0.56	0.15	0.2	1
812	0.09	0.56	0.15	0.2	1
813	0.09	0.56	0.15	0.2	1
814	0.08	0.56	0.16	0.2	1
815	0.08	0.56	0.16	0.2	1
816	0.08	0.56	0.16	0.2	1
817	0.07	0.56	0.17	0.2	1
818	0.07	0.55	0.18	0.2	1
819	0.06	0.55	0.19	0.2	1
820	0.06	0.55	0.19	0.2	1
821	0.06	0.54	0.2	0.2	1
822	0.07	0.54	0.19	0.2	1
823	0.07	0.53	0.2	0.2	1
824	0.07	0.53	0.2	0.2	1
825	0.07	0.52	0.21	0.2	1
826	0.07	0.52	0.21	0.2	1
827	0.07	0.52	0.21	0.2	1
828	0.07	0.52	0.21	0.2	1
829	0.07	0.52	0.21	0.2	1
830	0.07	0.52	0.21	0.2	1
831	0.07	0.53	0.2	0.2	1
832	0.07	0.53	0.2	0.2	1
833	0.07	0.53	0.2	0.2	1
834	0.07	0.53	0.2	0.2	1
835	0.07	0.53	0.2	0.2	1
836	0.07	0.52	0.21	0.2	1
837	0.07	0.52	0.21	0.2	1
838	0.08	0.52	0.2	0.2	1
839	0.08	0.52	0.2	0.2	1
840	0.08	0.52	0.2	0.2	1
841	0.08	0.52	0.2	0.2	1
842	0.08	0.52	0.2	0.2	1
843	0.08	0.52	0.2	0.2	1
844	0.08	0.52	0.2	0.2	1
845	0.08	0.53	0.19	0.2	1
846	0.08	0.53	0.19	0.2	1
847	0.08	0.53	0.19	0.2	1
848	0.08	0.53	0.19	0.2	1
849	0.09	0.53	0.18	0.2	1
850	0.09	0.53	0.18	0.2	1
851	0.09	0.53	0.18	0.2	1
852	0.09	0.54	0.17	0.2	1
853	0.1	0.54	0.16	0.2	1
854	0.11	0.54	0.15	0.2	1
855	0.11	0.54	0.15	0.2	1
856	0.11	0.53	0.16	0.2	1
857	0.11	0.52	0.17	0.2	1
858	0.12	0.52	0.16	0.2	1
859	0.12	0.52	0.16	0.2	1
860	0.12	0.52	0.16	0.2	1
861	0.12	0.52	0.16	0.2	1
862	0.12	0.52	0.16	0.2	1
863	0.12	0.52	0.16	0.2	1
864	0.12	0.52	0.16	0.2	1
865	0.12	0.53	0.15	0.2	1
866	0.12	0.53	0.15	0.2	1
867	0.12	0.53	0.15	0.2	1
868	0.12	0.52	0.16	0.2	1
869	0.12	0.51	0.17	0.2	1
870	0.12	0.52	0.16	0.2	1
871	0.11	0.52	0.17	0.2	1
872	0.11	0.53	0.16	0.2	1
873	0.11	0.53	0.16	0.2	1
874	0.11	0.53	0.16	0.2	1
875	0.11	0.53	0.16	0.2	1
876	0.11	0.53	0.16	0.2	1
877	0.11	0.53	0.16	0.2	1
878	0.11	0.53	0.16	0.2	1
879	0.11	0.53	0.16	0.2	1
880	0.11	0.53	0.16	0.2	1
881	0.11	0.54	0.15	0.2	1
882	0.1	0.54	0.16	0.2	1
883	0.1	0.53	0.17	0.2	1
884	0.1	0.52	0.18	0.2	1
885	0.1	0.51	0.19	0.2	1
886	0.1	0.51	0.19	0.2	1
887	0.1	0.51	0.19	0.2	1
888	0.11	0.51	0.18	0.2	1
889	0.11	0.51	0.18	0.2	1
890	0.11	0.51	0.18	0.2	1
891	0.11	0.51	0.18	0.2	1
892	0.11	0.52	0.17	0.2	1
893	0.11	0.52	0.17	0.2	1
894	0.11	0.52	0.17	0.2	1
895	0.11	0.53	0.16	0.2	1
896	0.11	0.53	0.16	0.2	1
897	0.11	0.53	0.16	0.2	1
898	0.11	0.52	0.17	0.2	1
899	0.11	0.51	0.18	0.2	1
900	0.11	0.51	0.18	0.2	1
901	0.11	0.51	0.18	0.2	1
902	0.11	0.51	0.18	0.2	1
903	0.1	0.51	0.19	0.2	1
904	0.1	0.5	0.2	0.2	1
905	0.1	0.5	0.2	0.2	1
906	0.1	0.49	0.21	0.2	1
907	0.09	0.49	0.22	0.2	1
908	0.09	0.48	0.23	0.2	1
909	0.09	0.49	0.22	0.2	1
910	0.09	0.49	0.22	0.2	1
911	0.09	0.5	0.21	0.2	1
912	0.09	0.5	0.21	0.2	1
913	0.09	0.5	0.21	0.2	1
914	0.09	0.5	0.21	0.2	1
915	0.09	0.5	0.21	0.2	1
916	0.09	0.5	0.21	0.2	1
917	0.08	0.5	0.22	0.2	1
918	0.09	0.5	0.21	0.2	1
919	0.08	0.5	0.22	0.2	1
920	0.08	0.5	0.22	0.2	1
921	0.08	0.51	0.21	0.2	1
922	0.08	0.51	0.21	0.2	1
923	0.08	0.5	0.22	0.2	1
924	0.07	0.5	0.23	0.2	1
925	0.07	0.51	0.22	0.2	1
926	0.07	0.51	0.22	0.2	1
927	0.07	0.52	0.21	0.2	1
928	0.07	0.52	0.21	0.2	1
929	0.07	0.52	0.21	0.2	1
930	0.07	0.52	0.21	0.2	1
931	0.07	0.52	0.21	0.2	1
932	0.06	0.52	0.22	0.2	1
933	0.06	0.52	0.22	0.2	1
934	0.06	0.53	0.21	0.2	1
935	0.07	0.53	0.2	0.2	1
936	0.07	0.53	0.2	0.2	1
937	0.07	0.52	0.21	0.2	1
938	0.07	0.51	0.22	0.2	1
939	0.07	0.51	0.22	0.2	1
940	0.07	0.51	0.22	0.2	1
941	0.08	0.51	0.21	0.2	1
942	0.08	0.51	0.21	0.2	1
943	0.08	0.51	0.21	0.2	1
944	0.08	0.5	0.22	0.2	1
945	0.08	0.5	0.22	0.2	1
946	0.08	0.49	0.23	0.2	1
947	0.08	0.49	0.23	0.2	1
948	0.09	0.49	0.22	0.2	1
949	0.09	0.49	0.22	0.2	1
950	0.08	0.49	0.23	0.2	1
951	0.08	0.48	0.24	0.2	1
952	0.07	0.48	0.25	0.2	1
953	0.07	0.48	0.25	0.2	1
954	0.06	0.48	0.26	0.2	1
955	0.06	0.48	0.26	0.2	1
956	0.06	0.47	0.27	0.2	1
957	0.07	0.47	0.26	0.2	1
958	0.07	0.46	0.27	0.2	1
959	0.07	0.46	0.27	0.2	1
960	0.07	0.46	0.27	0.2	1
961	0.07	0.46	0.27	0.2	1
962	0.08	0.46	0.26	0.2	1
963	0.08	0.46	0.26	0.2	1
964	0.08	0.46	0.26	0.2	1
965	0.08	0.46	0.26	0.2	1
966	0.08	0.45	0.27	0.2	1
967	0.08	0.45	0.27	0.2	1
968	0.08	0.45	0.27	0.2	1
969	0.08	0.45	0.27	0.2	1
970	0.08	0.45	0.27	0.2	1
971	0.08	0.45	0.27	0.2	1
972	0.08	0.45	0.27	0.2	1
973	0.08	0.44	0.28	0.2	1
974	0.08	0.44	0.28	0.2	1
975	0.09	0.44	0.27	0.2	1
976	0.08	0.44	0.28	0.2	1
977	0.07	0.44	0.29	0.2	1
978	0.07	0.44	0.29	0.2	1
979	0.07	0.44	0.29	0.2	1
980	0.07	0.43	0.3	0.2	1
981	0.07	0.42	0.31	0.2	1
982	0.07	0.42	0.31	0.2	1
983	0.07	0.41	0.32	0.2	1
984	0.07	0.42	0.31	0.2	1
985	0.07	0.42	0.31	0.2	1
986	0.07	0.43	0.3	0.2	1
987	0.07	0.43	0.3	0.2	1
988	0.07	0.42	0.31	0.2	1
989	0.07	0.42	0.31	0.2	1
990	0.07	0.42	0.31	0.2	1
991	0.07	0.42	0.31	0.2	1
992	0.07	0.42	0.31	0.2	1
993	0.07	0.42	0.31	0.2	1
994	0.07	0.42	0.31	0.2	1
995	0.06	0.42	0.32	0.2	1
996	0.06	0.42	0.32	0.2	1
997	0.06	0.42	0.32	0.2	1
998	0.06	0.42	0.32	0.2	1
999	0.07	0.42	0.31	0.2	1
1000	0.07	0.41	0.32	0.2	1
1001	0.07	0.41	0.32	0.2	1
1002	0.07	0.42	0.31	0.2	1
1003	0.07	0.42	0.31	0.2	1
1004	0.07	0.43	0.3	0.2	1
1005	0.07	0.44	0.29	0.2	1
1006	0.08	0.44	0.28	0.2	1
1007	0.08	0.44	0.28	0.2	1
1008	0.08	0.44	0.28	0.2	1
1009	0.08	0.45	0.27	0.2	1
1010	0.08	0.45	0.27	0.2	1
1011	0.08	0.46	0.26	0.2	1
1012	0.08	0.46	0.26	0.2	1
1013	0.08	0.46	0.26	0.2	1
1014	0.08	0.45	0.27	0.2	1
1015	0.08	0.45	0.27	0.2	1
1016	0.08	0.46	0.26	0.2	1
1017	0.08	0.46	0.26	0.2	1
1018	0.08	0.46	0.26	0.2	1
1019	0.09	0.46	0.25	0.2	1
1020	0.09	0.46	0.25	0.2	1
1021	0.09	0.46	0.25	0.2	1
1022	0.08	0.46	0.26	0.2	1
1023	0.08	0.46	0.26	0.2	1
1024	0.08	0.47	0.25	0.2	1
1025	0.08	0.47	0.25	0.2	1
1026	0.08	0.47	0.25	0.2	1
1027	0.08	0.46	0.26	0.2	1
1028	0.08	0.46	0.26	0.2	1
1029	0.08	0.46	0.26	0.2	1
1030	0.08	0.46	0.26	0.2	1
1031	0.08	0.46	0.26	0.2	1
1032	0.08	0.46	0.26	0.2	1
1033	0.08	0.47	0.25	0.2	1
1034	0.08	0.46	0.26	0.2	1
1035	0.08	0.47	0.25	0.2	1
1036	0.08	0.47	0.25	0.2	1
1037	0.08	0.47	0.25	0.2	1
1038	0.09	0.47	0.24	0.2	1
1039	0.09	0.47	0.24	0.2	1
1040	0.09	0.47	0.24	0.2	1
1041	0.09	0.47	0.24	0.2	1
1042	0.09	0.47	0.24	0.2	1
1043	0.09	0.46	0.25	0.2	1
1044	0.1	0.46	0.24	0.2	1
1045	0.1	0.46	0.24	0.2	1
1046	0.1	0.46	0.24	0.2	1
1047	0.1	0.46	0.24	0.2	1
1048	0.1	0.46	0.24	0.2	1
1049	0.11	0.46	0.23	0.2	1
1050	0.11	0.46	0.23	0.2	1
1051	0.11	0.47	0.22	0.2	1
1052	0.1	0.47	0.23	0.2	1
1053	0.1	0.47	0.23	0.2	1
1054	0.11	0.47	0.22	0.2	1
1055	0.1	0.47	0.23	0.2	1
1056	0.11	0.47	0.22	0.2	1
1057	0.11	0.47	0.22	0.2	1
1058	0.11	0.47	0.22	0.2	1
1059	0.11	0.47	0.22	0.2	1
1060	0.1	0.47	0.23	0.2	1
1061	0.1	0.47	0.23	0.2	1
1062	0.1	0.47	0.23	0.2	1
1063	0.1	0.47	0.23	0.2	1
1064	0.1	0.47	0.23	0.2	1
1065	0.1	0.47	0.23	0.2	1
1066	0.1	0.47	0.23	0.2	1
1067	0.1	0.46	0.24	0.2	1
1068	0.1	0.46	0.24	0.2	1
1069	0.1	0.47	0.23	0.2	1
1070	0.1	0.47	0.23	0.2	1
1071	0.1	0.47	0.23	0.2	1
1072	0.1	0.47	0.23	0.2	1
1073	0.1	0.46	0.24	0.2	1
1074	0.1	0.46	0.24	0.2	1
1075	0.1	0.46	0.24	0.2	1
1076	0.1	0.46	0.24	0.2	1
1077	0.1	0.46	0.24	0.2	1
1078	0.1	0.46	0.24	0.2	1
1079	0.1	0.46	0.24	0.2	1
1080	0.1	0.45	0.25	0.2	1
1081	0.1	0.44	0.26	0.2	1
1082	0.1	0.43	0.27	0.2	1
1083	0.11	0.43	0.26	0.2	1
1084	0.11	0.43	0.26	0.2	1
1085	0.12	0.43	0.25	0.2	1
1086	0.12	0.43	0.25	0.2	1
1087	0.12	0.42	0.26	0.2	1
1088	0.13	0.42	0.25	0.2	1
1089	0.13	0.42	0.25	0.2	1
1090	0.13	0.42	0.25	0.2	1
1091	0.13	0.43	0.24	0.2	1
1092	0.13	0.43	0.24	0.2	1
1093	0.13	0.43	0.24	0.2	1
1094	0.13	0.43	0.24	0.2	1
1095	0.13	0.43	0.24	0.2	1
1096	0.13	0.43	0.24	0.2	1
1097	0.13	0.43	0.24	0.2	1
1098	0.14	0.43	0.23	0.2	1
1099	0.14	0.44	0.22	0.2	1
1100	0.15	0.44	0.21	0.2	1
1101	0.15	0.44	0.21	0.2	1
1102	0.15	0.44	0.21	0.2	1
1103	0.15	0.43	0.22	0.2	1
1104	0.15	0.42	0.23	0.2	1
1105	0.15	0.42	0.23	0.2	1
1106	0.14	0.42	0.24	0.2	1
1107	0.13	0.42	0.25	0.2	1
1108	0.13	0.42	0.25	0.2	1
1109	0.14	0.42	0.24	0.2	1
1110	0.13	0.42	0.25	0.2	1
1111	0.13	0.43	0.24	0.2	1
1112	0.13	0.43	0.24	0.2	1
1113	0.13	0.43	0.24	0.2	1
1114	0.13	0.43	0.24	0.2	1
1115	0.13	0.43	0.24	0.2	1
1116	0.13	0.42	0.25	0.2	1
1117	0.13	0.42	0.25	0.2	1
1118	0.13	0.42	0.25	0.2	1
1119	0.13	0.42	0.25	0.2	1
1120	0.13	0.42	0.25	0.2	1
1121	0.13	0.42	0.25	0.2	1
1122	0.13	0.41	0.26	0.2	1
1123	0.13	0.41	0.26	0.2	1
1124	0.12	0.41	0.27	0.2	1
1125	0.12	0.42	0.26	0.2	1
1126	0.12	0.42	0.26	0.2	1
1127	0.11	0.42	0.27	0.2	1
1128	0.11	0.42	0.27	0.2	1
1129	0.11	0.42	0.27	0.2	1
1130	0.11	0.43	0.26	0.2	1
1131	0.11	0.43	0.26	0.2	1
1132	0.11	0.43	0.26	0.2	1
1133	0.11	0.42	0.27	0.2	1
1134	0.1	0.42	0.28	0.2	1
1135	0.1	0.43	0.27	0.2	1
1136	0.1	0.43	0.27	0.2	1
1137	0.1	0.42	0.28	0.2	1
1138	0.1	0.42	0.28	0.2	1
1139	0.1	0.43	0.27	0.2	1
1140	0.1	0.43	0.27	0.2	1
1141	0.1	0.44	0.26	0.2	1
1142	0.1	0.44	0.26	0.2	1
1143	0.11	0.44	0.25	0.2	1
1144	0.11	0.43	0.26	0.2	1
1145	0.11	0.42	0.27	0.2	1
1146	0.11	0.42	0.27	0.2	1
1147	0.12	0.42	0.26	0.2	1
1148	0.12	0.43	0.25	0.2	1
1149	0.12	0.42	0.26	0.2	1
1150	0.12	0.43	0.25	0.2	1
1151	0.12	0.42	0.26	0.2	1
1152	0.12	0.42	0.26	0.2	1
1153	0.12	0.42	0.26	0.2	1
1154	0.12	0.43	0.25	0.2	1
1155	0.12	0.42	0.26	0.2	1
1156	0.12	0.42	0.26	0.2	1
1157	0.12	0.41	0.27	0.2	1
1158	0.12	0.41	0.27	0.2	1
1159	0.12	0.41	0.27	0.2	1
1160	0.12	0.41	0.27	0.2	1
1161	0.12	0.4	0.28	0.2	1
1162	0.12	0.39	0.29	0.2	1
1163	0.12	0.39	0.29	0.2	1
1164	0.12	0.4	0.28	0.2	1
1165	0.12	0.4	0.28	0.2	1
1166	0.12	0.4	0.28	0.2	1
1167	0.12	0.4	0.28	0.2	1
1168	0.12	0.39	0.29	0.2	1
1169	0.12	0.39	0.29	0.2	1
1170	0.13	0.39	0.28	0.2	1
1171	0.13	0.39	0.28	0.2	1
1172	0.12	0.39	0.29	0.2	1
1173	0.12	0.39	0.29	0.2	1
1174	0.12	0.39	0.29	0.2	1
1175	0.12	0.38	0.3	0.2	1
1176	0.12	0.39	0.29	0.2	1
1177	0.12	0.38	0.3	0.2	1
1178	0.12	0.38	0.3	0.2	1
1179	0.11	0.38	0.31	0.2	1
1180	0.11	0.38	0.31	0.2	1
1181	0.11	0.39	0.3	0.2	1
1182	0.11	0.39	0.3	0.2	1
1183	0.1	0.39	0.31	0.2	1
1184	0.1	0.39	0.31	0.2	1
1185	0.1	0.39	0.31	0.2	1
1186	0.1	0.39	0.31	0.2	1
1187	0.11	0.39	0.3	0.2	1
1188	0.11	0.38	0.31	0.2	1
1189	0.11	0.38	0.31	0.2	1
1190	0.11	0.38	0.31	0.2	1
1191	0.11	0.38	0.31	0.2	1
1192	0.1	0.38	0.32	0.2	1
1193	0.1	0.37	0.33	0.2	1
1194	0.1	0.37	0.33	0.2	1
1195	0.09	0.37	0.34	0.2	1
1196	0.09	0.37	0.34	0.2	1
1197	0.09	0.37	0.34	0.2	1
1198	0.09	0.37	0.34	0.2	1
1199	0.09	0.38	0.33	0.2	1
1200	0.09	0.38	0.33	0.2	1
1201	0.09	0.37	0.34	0.2	1
1202	0.09	0.36	0.35	0.2	1
1203	0.09	0.37	0.34	0.2	1
1204	0.09	0.38	0.33	0.2	1
1205	0.09	0.37	0.34	0.2	1
1206	0.09	0.37	0.34	0.2	1
1207	0.09	0.37	0.34	0.2	1
1208	0.1	0.37	0.33	0.2	1
1209	0.1	0.36	0.34	0.2	1
1210	0.11	0.36	0.33	0.2	1
1211	0.12	0.36	0.32	0.2	1
1212	0.12	0.35	0.33	0.2	1
1213	0.12	0.35	0.33	0.2	1
1214	0.12	0.35	0.33	0.2	1
1215	0.12	0.35	0.33	0.2	1
1216	0.12	0.35	0.33	0.2	1
1217	0.12	0.34	0.34	0.2	1
1218	0.12	0.34	0.34	0.2	1
1219	0.12	0.33	0.35	0.2	1
1220	0.12	0.33	0.35	0.2	1
1221	0.12	0.32	0.36	0.2	1
1222	0.12	0.33	0.35	0.2	1
1223	0.11	0.33	0.36	0.2	1
1224	0.11	0.33	0.36	0.2	1
1225	0.1	0.33	0.37	0.2	1
1226	0.1	0.33	0.37	0.2	1
1227	0.1	0.32	0.38	0.2	1
1228	0.1	0.31	0.39	0.2	1
1229	0.1	0.32	0.38	0.2	1
1230	0.11	0.32	0.37	0.2	1
1231	0.11	0.32	0.37	0.2	1
1232	0.12	0.32	0.36	0.2	1
1233	0.12	0.31	0.37	0.2	1
1234	0.12	0.31	0.37	0.2	1
1235	0.12	0.3	0.38	0.2	1
1236	0.12	0.29	0.39	0.2	1
1237	0.12	0.29	0.39	0.2	1
1238	0.12	0.29	0.39	0.2	1
1239	0.13	0.29	0.38	0.2	1
1240	0.13	0.29	0.38	0.2	1
1241	0.13	0.3	0.37	0.2	1
1242	0.13	0.3	0.37	0.2	1
1243	0.14	0.3	0.36	0.2	1
1244	0.15	0.3	0.35	0.2	1
1245	0.15	0.3	0.35	0.2	1
1246	0.15	0.3	0.35	0.2	1
1247	0.16	0.3	0.34	0.2	1
1248	0.17	0.3	0.33	0.2	1
1249	0.17	0.29	0.34	0.2	1
1250	0.18	0.29	0.33	0.2	1
1251	0.17	0.29	0.34	0.2	1
1252	0.17	0.29	0.34	0.2	1
1253	0.17	0.29	0.34	0.2	1
1254	0.17	0.29	0.34	0.2	1
1255	0.17	0.28	0.35	0.2	1
1256	0.17	0.28	0.35	0.2	1
1257	0.17	0.29	0.34	0.2	1
1258	0.17	0.29	0.34	0.2	1
1259	0.18	0.29	0.33	0.2	1
1260	0.19	0.29	0.32	0.2	1
1261	0.2	0.29	0.31	0.2	1
1262	0.2	0.29	0.31	0.2	1
1263	0.2	0.3	0.3	0.2	1
1264	0.19	0.3	0.31	0.2	1
1265	0.19	0.3	0.31	0.2	1
1266	0.19	0.3	0.31	0.2	1
1267	0.19	0.3	0.31	0.2	1
1268	0.19	0.3	0.31	0.2	1
1269	0.19	0.29	0.32	0.2	1
1270	0.19	0.29	0.32	0.2	1
1271	0.2	0.29	0.31	0.2	1
1272	0.21	0.29	0.3	0.2	1
1273	0.2	0.29	0.31	0.2	1
1274	0.2	0.29	0.31	0.2	1
1275	0.2	0.29	0.31	0.2	1
1276	0.2	0.28	0.32	0.2	1
1277	0.2	0.28	0.32	0.2	1
1278	0.2	0.27	0.33	0.2	1
1279	0.19	0.27	0.34	0.2	1
1280	0.19	0.27	0.34	0.2	1
1281	0.19	0.26	0.35	0.2	1
1282	0.19	0.26	0.35	0.2	1
1283	0.19	0.26	0.35	0.2	1
1284	0.19	0.26	0.35	0.2	1
1285	0.2	0.26	0.34	0.2	1
1286	0.2	0.26	0.34	0.2	1
1287	0.2	0.26	0.34	0.2	1
1288	0.2	0.27	0.33	0.2	1
1289	0.2	0.27	0.33	0.2	1
1290	0.2	0.27	0.33	0.2	1
1291	0.2	0.27	0.33	0.2	1
1292	0.2	0.28	0.32	0.2	1
1293	0.21	0.28	0.31	0.2	1
1294	0.21	0.28	0.31	0.2	1
1295	0.21	0.28	0.31	0.2	1
1296	0.21	0.28	0.31	0.2	1
1297	0.21	0.27	0.32	0.2	1
1298	0.21	0.26	0.33	0.2	1
1299	0.21	0.26	0.33	0.2	1
1300	0.22	0.26	0.32	0.2	1
1301	0.22	0.26	0.32	0.2	1
1302	0.23	0.26	0.31	0.2	1
1303	0.23	0.26	0.31	0.2	1
1304	0.23	0.26	0.31	0.2	1
1305	0.23	0.26	0.31	0.2	1
1306	0.23	0.26	0.31	0.2	1
1307	0.23	0.26	0.31	0.2	1
1308	0.23	0.26	0.31	0.2	1
1309	0.23	0.26	0.31	0.2	1
1310	0.22	0.26	0.32	0.2	1
1311	0.22	0.26	0.32	0.2	1
1312	0.22	0.27	0.31	0.2	1
1313	0.23	0.27	0.3	0.2	1
1314	0.23	0.27	0.3	0.2	1
1315	0.23	0.27	0.3	0.2	1
1316	0.24	0.27	0.29	0.2	1
1317	0.24	0.27	0.29	0.2	1
1318	0.24	0.27	0.29	0.2	1
1319	0.24	0.26	0.3	0.2	1
1320	0.24	0.27	0.29	0.2	1
1321	0.25	0.27	0.28	0.2	1
1322	0.25	0.27	0.28	0.2	1
1323	0.26	0.27	0.27	0.2	1
1324	0.26	0.27	0.27	0.2	1
1325	0.25	0.27	0.28	0.2	1
1326	0.25	0.26	0.29	0.2	1
1327	0.25	0.26	0.29	0.2	1
1328	0.25	0.26	0.29	0.2	1
1329	0.25	0.26	0.29	0.2	1
1330	0.25	0.26	0.29	0.2	1
1331	0.24	0.26	0.3	0.2	1
1332	0.24	0.26	0.3	0.2	1
1333	0.25	0.26	0.29	0.2	1
1334	0.25	0.26	0.29	0.2	1
1335	0.25	0.26	0.29	0.2	1
1336	0.26	0.26	0.28	0.2	1
1337	0.26	0.26	0.28	0.2	1
1338	0.26	0.26	0.28	0.2	1
1339	0.26	0.25	0.29	0.2	1
1340	0.26	0.25	0.29	0.2	1
1341	0.27	0.25	0.28	0.2	1
1342	0.27	0.25	0.28	0.2	1
1343	0.27	0.25	0.28	0.2	1
1344	0.27	0.25	0.28	0.2	1
1345	0.27	0.24	0.29	0.2	1
1346	0.28	0.24	0.28	0.2	1
1347	0.28	0.24	0.28	0.2	1
1348	0.28	0.24	0.28	0.2	1
1349	0.28	0.24	0.28	0.2	1
1350	0.29	0.24	0.27	0.2	1
1351	0.29	0.24	0.27	0.2	1
1352	0.29	0.24	0.27	0.2	1
1353	0.29	0.23	0.28	0.2	1
1354	0.3	0.23	0.27	0.2	1
1355	0.31	0.23	0.26	0.2	1
1356	0.31	0.23	0.26	0.2	1
1357	0.31	0.23	0.26	0.2	1
1358	0.31	0.24	0.25	0.2	1
1359	0.31	0.25	0.24	0.2	1
1360	0.31	0.26	0.23	0.2	1
1361	0.31	0.26	0.23	0.2	1
1362	0.31	0.26	0.23	0.2	1
1363	0.3	0.26	0.24	0.2	1
1364	0.3	0.25	0.25	0.2	1
1365	0.29	0.25	0.26	0.2	1
1366	0.29	0.25	0.26	0.2	1
1367	0.29	0.24	0.27	0.2	1
1368	0.29	0.24	0.27	0.2	1
1369	0.29	0.24	0.27	0.2	1
1370	0.29	0.24	0.27	0.2	1
1371	0.29	0.24	0.27	0.2	1
1372	0.29	0.24	0.27	0.2	1
1373	0.29	0.25	0.26	0.2	1
1374	0.29	0.25	0.26	0.2	1
1375	0.3	0.25	0.25	0.2	1
1376	0.3	0.25	0.25	0.2	1
1377	0.3	0.24	0.26	0.2	1
1378	0.31	0.24	0.25	0.2	1
1379	0.32	0.24	0.24	0.2	1
1380	0.32	0.24	0.24	0.2	1
1381	0.32	0.24	0.24	0.2	1
1382	0.32	0.24	0.24	0.2	1
1383	0.32	0.24	0.24	0.2	1
1384	0.32	0.23	0.25	0.2	1
1385	0.32	0.23	0.25	0.2	1
1386	0.32	0.22	0.26	0.2	1
1387	0.32	0.22	0.26	0.2	1
1388	0.32	0.22	0.26	0.2	1
1389	0.31	0.22	0.27	0.2	1
1390	0.31	0.22	0.27	0.2	1
1391	0.31	0.22	0.27	0.2	1
1392	0.31	0.22	0.27	0.2	1
1393	0.32	0.22	0.26	0.2	1
1394	0.32	0.22	0.26	0.2	1
1395	0.32	0.22	0.26	0.2	1
1396	0.32	0.22	0.26	0.2	1
1397	0.32	0.22	0.26	0.2	1
1398	0.33	0.22	0.25	0.2	1
1399	0.33	0.22	0.25	0.2	1
1400	0.33	0.21	0.26	0.2	1
1401	0.33	0.21	0.26	0.2	1
1402	0.33	0.21	0.26	0.2	1
1403	0.33	0.21	0.26	0.2	1
1404	0.34	0.21	0.25	0.2	1
1405	0.35	0.21	0.24	0.2	1
1406	0.35	0.21	0.24	0.2	1
1407	0.35	0.21	0.24	0.2	1
1408	0.35	0.21	0.24	0.2	1
1409	0.35	0.2	0.25	0.2	1
1410	0.35	0.2	0.25	0.2	1
1411	0.34	0.2	0.26	0.2	1
1412	0.35	0.2	0.25	0.2	1
1413	0.35	0.2	0.25	0.2	1
1414	0.35	0.19	0.26	0.2	1
1415	0.35	0.19	0.26	0.2	1
1416	0.35	0.2	0.25	0.2	1
1417	0.35	0.19	0.26	0.2	1
1418	0.35	0.19	0.26	0.2	1
1419	0.35	0.18	0.27	0.2	1
1420	0.35	0.18	0.27	0.2	1
1421	0.35	0.18	0.27	0.2	1
1422	0.35	0.18	0.27	0.2	1
1423	0.35	0.18	0.27	0.2	1
1424	0.36	0.18	0.26	0.2	1
1425	0.36	0.18	0.26	0.2	1
1426	0.36	0.18	0.26	0.2	1
1427	0.37	0.18	0.25	0.2	1
1428	0.38	0.18	0.24	0.2	1
1429	0.38	0.17	0.25	0.2	1
1430	0.39	0.17	0.24	0.2	1
1431	0.39	0.17	0.24	0.2	1
1432	0.39	0.17	0.24	0.2	1
1433	0.39	0.17	0.24	0.2	1
1434	0.38	0.17	0.25	0.2	1
1435	0.38	0.17	0.25	0.2	1
1436	0.38	0.17	0.25	0.2	1
1437	0.38	0.16	0.26	0.2	1
1438	0.38	0.16	0.26	0.2	1
1439	0.37	0.16	0.27	0.2	1
1440	0.37	0.15	0.28	0.2	1
1441	0.37	0.16	0.27	0.2	1
1442	0.37	0.16	0.27	0.2	1
1443	0.37	0.17	0.26	0.2	1
1444	0.38	0.17	0.25	0.2	1
1445	0.38	0.17	0.25	0.2	1
1446	0.38	0.17	0.25	0.2	1
1447	0.38	0.17	0.25	0.2	1
1448	0.38	0.17	0.25	0.2	1
1449	0.38	0.16	0.26	0.2	1
1450	0.38	0.16	0.26	0.2	1
1451	0.38	0.16	0.26	0.2	1
1452	0.38	0.16	0.26	0.2	1
1453	0.38	0.16	0.26	0.2	1
1454	0.39	0.16	0.25	0.2	1
1455	0.39	0.17	0.24	0.2	1
1456	0.4	0.17	0.23	0.2	1
1457	0.4	0.17	0.23	0.2	1
1458	0.4	0.17	0.23	0.2	1
1459	0.4	0.18	0.22	0.2	1
1460	0.41	0.18	0.21	0.2	1
1461	0.41	0.18	0.21	0.2	1
1462	0.42	0.18	0.2	0.2	1
1463	0.42	0.18	0.2	0.2	1
1464	0.41	0.18	0.21	0.2	1
1465	0.41	0.18	0.21	0.2	1
1466	0.41	0.17	0.22	0.2	1
1467	0.41	0.17	0.22	0.2	1
1468	0.41	0.17	0.22	0.2	1
1469	0.4	0.17	0.23	0.2	1
1470	0.4	0.17	0.23	0.2	1
1471	0.4	0.16	0.24	0.2	1
1472	0.4	0.17	0.23	0.2	1
1473	0.4	0.17	0.23	0.2	1
1474	0.4	0.17	0.23	0.2	1
1475	0.4	0.17	0.23	0.2	1
1476	0.41	0.17	0.22	0.2	1
1477	0.41	0.17	0.22	0.2	1
1478	0.42	0.17	0.21	0.2	1
1479	0.42	0.17	0.21	0.2	1
1480	0.42	0.16	0.22	0.2	1
1481	0.42	0.16	0.22	0.2	1
1482	0.42	0.15	0.23	0.2	1
1483	0.43	0.15	0.22	0.2	1
1484	0.43	0.15	0.22	0.2	1
1485	0.43	0.15	0.22	0.2	1
1486	0.43	0.15	0.22	0.2	1
1487	0.43	0.15	0.22	0.2	1
1488	0.43	0.15	0.22	0.2	1
1489	0.43	0.15	0.22	0.2	1
1490	0.43	0.15	0.22	0.2	1
1491	0.43	0.15	0.22	0.2	1
1492	0.43	0.15	0.22	0.2	1
1493	0.43	0.15	0.22	0.2	1
1494	0.43	0.15	0.22	0.2	1
1495	0.43	0.15	0.22	0.2	1
1496	0.43	0.15	0.22	0.2	1
1497	0.43	0.15	0.22	0.2	1
1498	0.43	0.15	0.22	0.2	1
1499	0.44	0.15	0.21	0.2	1
1500	0.44	0.15	0.21	0.2	1
1501	0.45	0.15	0.2	0.2	1
1502	0.45	0.15	0.2	0.2	1
1503	0.45	0.15	0.2	0.2	1
1504	0.45	0.15	0.2	0.2	1
1505	0.45	0.15	0.2	0.2	1
1506	0.45	0.14	0.21	0.2	1
1507	0.45	0.14	0.21	0.2	1
1508	0.45	0.13	0.22	0.2	1
1509	0.45	0.13	0.22	0.2	1
1510	0.45	0.12	0.23	0.2	1
1511	0.45	0.12	0.23	0.2	1
1512	0.45	0.11	0.24	0.2	1
1513	0.45	0.11	0.24	0.2	1
1514	0.45	0.11	0.24	0.2	1
1515	0.45	0.11	0.24	0.2	1
1516	0.45	0.1	0.25	0.2	1
1517	0.45	0.1	0.25	0.2	1
1518	0.46	0.1	0.24	0.2	1
1519	0.46	0.1	0.24	0.2	1
1520	0.45	0.1	0.25	0.2	1
1521	0.45	0.1	0.25	0.2	1
1522	0.45	0.1	0.25	0.2	1
1523	0.46	0.1	0.24	0.2	1
1524	0.46	0.1	0.24	0.2	1
1525	0.46	0.1	0.24	0.2	1
1526	0.47	0.1	0.23	0.2	1
1527	0.47	0.1	0.23	0.2	1
1528	0.47	0.1	0.23	0.2	1
1529	0.46	0.1	0.24	0.2	1
1530	0.47	0.1	0.23	0.2	1
1531	0.47	0.1	0.23	0.2	1
1532	0.47	0.1	0.23	0.2	1
1533	0.48	0.1	0.22	0.2	1
1534	0.48	0.1	0.22	0.2	1
1535	0.48	0.1	0.22	0.2	1
1536	0.48	0.1	0.22	0.2	1
1537	0.48	0.1	0.22	0.2	1
1538	0.48	0.11	0.21	0.2	1
1539	0.47	0.11	0.22	0.2	1
1540	0.47	0.12	0.21	0.2	1
1541	0.47	0.11	0.22	0.2	1
1542	0.47	0.11	0.22	0.2	1
1543	0.47	0.12	0.21	0.2	1
1544	0.47	0.12	0.21	0.2	1
1545	0.47	0.12	0.21	0.2	1
1546	0.47	0.12	0.21	0.2	1
1547	0.47	0.12	0.21	0.2	1
1548	0.47	0.12	0.21	0.2	1
1549	0.47	0.12	0.21	0.2	1
1550	0.47	0.12	0.21	0.2	1
1551	0.47	0.12	0.21	0.2	1
1552	0.47	0.13	0.2	0.2	1
1553	0.47	0.13	0.2	0.2	1
1554	0.47	0.13	0.2	0.2	1
1555	0.47	0.13	0.2	0.2	1
1556	0.48	0.13	0.19	0.2	1
1557	0.48	0.13	0.19	0.2	1
1558	0.48	0.12	0.2	0.2	1
1559	0.48	0.12	0.2	0.2	1
1560	0.48	0.12	0.2	0.2	1
1561	0.48	0.12	0.2	0.2	1
1562	0.48	0.12	0.2	0.2	1
1563	0.49	0.12	0.19	0.2	1
1564	0.49	0.12	0.19	0.2	1
1565	0.49	0.12	0.19	0.2	1
1566	0.49	0.12	0.19	0.2	1
1567	0.5	0.12	0.18	0.2	1
1568	0.5	0.12	0.18	0.2	1
1569	0.5	0.12	0.18	0.2	1
1570	0.5	0.12	0.18	0.2	1
1571	0.5	0.12	0.18	0.2	1
1572	0.5	0.12	0.18	0.2	1
1573	0.5	0.12	0.18	0.2	1
1574	0.5	0.11	0.19	0.2	1
1575	0.5	0.11	0.19	0.2	1
1576	0.5	0.11	0.19	0.2	1
1577	0.5	0.1	0.2	0.2	1
1578	0.5	0.1	0.2	0.2	1
1579	0.5	0.1	0.2	0.2	1
1580	0.5	0.1	0.2	0.2	1
1581	0.5	0.1	0.2	0.2	1
1582	0.5	0.1	0.2	0.2	1
1583	0.5	0.1	0.2	0.2	1
1584	0.5	0.09	0.21	0.2	1
1585	0.5	0.09	0.21	0.2	1
1586	0.5	0.09	0.21	0.2	1
1587	0.5	0.09	0.21	0.2	1
1588	0.5	0.09	0.21	0.2	1
1589	0.49	0.09	0.22	0.2	1
1590	0.49	0.09	0.22	0.2	1
1591	0.49	0.08	0.23	0.2	1
1592	0.49	0.08	0.23	0.2	1
1593	0.49	0.08	0.23	0.2	1
1594	0.49	0.08	0.23	0.2	1
1595	0.49	0.08	0.23	0.2	1
1596	0.49	0.08	0.23	0.2	1
1597	0.48	0.08	0.24	0.2	1
1598	0.49	0.08	0.23	0.2	1
1599	0.49	0.08	0.23	0.2	1
1600	0.5	0.08	0.22	0.2	1
1601	0.5	0.07	0.23	0.2	1
1602	0.5	0.07	0.23	0.2	1
1603	0.5	0.07	0.23	0.2	1
1604	0.51	0.07	0.22	0.2	1
1605	0.51	0.07	0.22	0.2	1
1606	0.51	0.07	0.22	0.2	1
1607	0.51	0.06	0.23	0.2	1
1608	0.52	0.06	0.22	0.2	1
1609	0.52	0.06	0.22	0.2	1
1610	0.52	0.06	0.22	0.2	1
1611	0.52	0.06	0.22	0.2	1
1612	0.52	0.05	0.23	0.2	1
1613	0.53	0.05	0.22	0.2	1
1614	0.53	0.05	0.22	0.2	1
1615	0.53	0.05	0.22	0.2	1
1616	0.53	0.05	0.22	0.2	1
1617	0.53	0.05	0.22	0.2	1
1618	0.53	0.04	0.23	0.2	1
1619	0.54	0.04	0.22	0.2	1
1620	0.54	0.04	0.22	0.2	1
1621	0.54	0.04	0.22	0.2	1
1622	0.53	0.04	0.23	0.2	1
1623	0.54	0.04	0.22	0.2	1
1624	0.55	0.04	0.21	0.2	1
1625	0.55	0.04	0.21	0.2	1
1626	0.55	0.03	0.22	0.2	1
1627	0.55	0.03	0.22	0.2	1
1628	0.55	0.03	0.22	0.2	1
1629	0.56	0.03	0.21	0.2	1
1630	0.56	0.03	0.21	0.2	1
1631	0.56	0.03	0.21	0.2	1
1632	0.56	0.03	0.21	0.2	1
1633	0.56	0.03	0.21	0.2	1
1634	0.56	0.03	0.21	0.2	1
1635	0.56	0.03	0.21	0.2	1
1636	0.55	0.03	0.22	0.2	1
1637	0.55	0.03	0.22	0.2	1
1638	0.55	0.03	0.22	0.2	1
1639	0.55	0.03	0.22	0.2	1
1640	0.55	0.03	0.22	0.2	1
1641	0.56	0.03	0.21	0.2	1
1642	0.56	0.03	0.21	0.2	1
1643	0.57	0.03	0.2	0.2	1
1644	0.57	0.03	0.2	0.2	1
1645	0.57	0.03	0.2	0.2	1
1646	0.57	0.03	0.2	0.2	1
1647	0.57	0.03	0.2	0.2	1
1648	0.58	0.03	0.19	0.2	1
1649	0.59	0.03	0.18	0.2	1
1650	0.58	0.03	0.19	0.2	1
1651	0.58	0.03	0.19	0.2	1
1652	0.58	0.03	0.19	0.2	1
1653	0.59	0.03	0.18	0.2	1
1654	0.59	0.03	0.18	0.2	1
1655	0.59	0.03	0.18	0.2	1
1656	0.59	0.03	0.18	0.2	1
1657	0.59	0.03	0.18	0.2	1
1658	0.59	0.03	0.18	0.2	1
1659	0.6	0.03	0.17	0.2	1
1660	0.6	0.03	0.17	0.2	1
1661	0.6	0.03	0.17	0.2	1
1662	0.61	0.03	0.16	0.2	1
1663	0.61	0.03	0.16	0.2	1
1664	0.62	0.03	0.15	0.2	1
1665	0.62	0.03	0.15	0.2	1
1666	0.62	0.03	0.15	0.2	1
1667	0.62	0.03	0.15	0.2	1
1668	0.62	0.03	0.15	0.2	1
1669	0.61	0.03	0.16	0.2	1
1670	0.62	0.03	0.15	0.2	1
1671	0.62	0.03	0.15	0.2	1
1672	0.62	0.03	0.15	0.2	1
1673	0.62	0.03	0.15	0.2	1
1674	0.62	0.03	0.15	0.2	1
1675	0.62	0.03	0.15	0.2	1
1676	0.62	0.03	0.15	0.2	1
1677	0.62	0.03	0.15	0.2	1
1678	0.62	0.03	0.15	0.2	1
1679	0.63	0.03	0.14	0.2	1
1680	0.63	0.03	0.14	0.2	1
1681	0.63	0.03	0.14	0.2	1
1682	0.63	0.02	0.15	0.2	1
1683	0.63	0.02	0.15	0.2	1
1684	0.63	0.02	0.15	0.2	1
1685	0.63	0.02	0.15	0.2	1
1686	0.63	0.03	0.14	0.2	1
1687	0.63	0.03	0.14	0.2	1
1688	0.64	0.03	0.13	0.2	1
1689	0.64	0.03	0.13	0.2	1
1690	0.64	0.03	0.13	0.2	1
1691	0.64	0.03	0.13	0.2	1
1692	0.64	0.03	0.13	0.2	1
1693	0.64	0.03	0.13	0.2	1
1694	0.65	0.03	0.12	0.2	1
1695	0.65	0.03	0.12	0.2	1
1696	0.65	0.03	0.12	0.2	1
1697	0.65	0.03	0.12	0.2	1
1698	0.65	0.03	0.12	0.2	1
1699	0.65	0.03	0.12	0.2	1
1700	0.65	0.03	0.12	0.2	1
1701	0.65	0.03	0.12	0.2	1
1702	0.65	0.03	0.12	0.2	1
1703	0.65	0.03	0.12	0.2	1
1704	0.65	0.03	0.12	0.2	1
1705	0.65	0.03	0.12	0.2	1
1706	0.65	0.03	0.12	0.2	1
1707	0.66	0.03	0.11	0.2	1
1708	0.66	0.03	0.11	0.2	1
1709	0.67	0.03	0.1	0.2	1
1710	0.67	0.03	0.1	0.2	1
1711	0.67	0.03	0.1	0.2	1
1712	0.67	0.03	0.1	0.2	1
1713	0.67	0.03	0.1	0.2	1
1714	0.67	0.03	0.1	0.2	1
1715	0.68	0.03	0.09	0.2	1
1716	0.68	0.03	0.09	0.2	1
1717	0.68	0.03	0.09	0.2	1
1718	0.68	0.03	0.09	0.2	1
1719	0.68	0.03	0.09	0.2	1
1720	0.68	0.03	0.09	0.2	1
1721	0.68	0.03	0.09	0.2	1
1722	0.68	0.03	0.09	0.2	1
1723	0.68	0.03	0.09	0.2	1
1724	0.68	0.03	0.09	0.2	1
1725	0.67	0.03	0.1	0.2	1
1726	0.67	0.03	0.1	0.2	1
1727	0.67	0.03	0.1	0.2	1
1728	0.67	0.03	0.1	0.2	1
1729	0.67	0.03	0.1	0.2	1
1730	0.68	0.03	0.09	0.2	1
1731	0.68	0.03	0.09	0.2	1
1732	0.68	0.03	0.09	0.2	1
1733	0.68	0.03	0.09	0.2	1
1734	0.68	0.03	0.09	0.2	1
1735	0.68	0.03	0.09	0.2	1
1736	0.67	0.03	0.1	0.2	1
1737	0.66	0.03	0.11	0.2	1
1738	0.66	0.03	0.11	0.2	1
1739	0.66	0.03	0.11	0.2	1
1740	0.67	0.03	0.1	0.2	1
1741	0.67	0.03	0.1	0.2	1
1742	0.67	0.03	0.1	0.2	1
1743	0.67	0.03	0.1	0.2	1
1744	0.67	0.03	0.1	0.2	1
1745	0.67	0.03	0.1	0.2	1
1746	0.67	0.02	0.11	0.2	1
1747	0.67	0.02	0.11	0.2	1
1748	0.67	0.02	0.11	0.2	1
1749	0.67	0.02	0.11	0.2	1
1750	0.67	0.02	0.11	0.2	1
1751	0.67	0.02	0.11	0.2	1
1752	0.67	0.02	0.11	0.2	1
1753	0.67	0.02	0.11	0.2	1
1754	0.67	0.02	0.11	0.2	1
1755	0.67	0.02	0.11	0.2	1
1756	0.67	0.02	0.11	0.2	1
1757	0.67	0.02	0.11	0.2	1
1758	0.67	0.02	0.11	0.2	1
1759	0.67	0.01	0.12	0.2	1
1760	0.67	0.01	0.12	0.2	1
1761	0.67	0.01	0.12	0.2	1
1762	0.67	0.01	0.12	0.2	1
1763	0.68	0.01	0.11	0.2	1
1764	0.68	0.01	0.11	0.2	1
1765	0.68	0.01	0.11	0.2	1
1766	0.69	0.01	0.1	0.2	1
1767	0.7	0.01	0.09	0.2	1
1768	0.71	0.01	0.08	0.2	1
1769	0.71	0.01	0.08	0.2	1
1770	0.71	0.01	0.08	0.2	1
1771	0.72	0.01	0.07	0.2	1
1772	0.73	0.01	0.06	0.2	1
1773	0.73	0.01	0.06	0.2	1
1774	0.73	0.01	0.06	0.2	1
1775	0.73	0.01	0.06	0.2	1
1776	0.73	0.01	0.06	0.2	1
1777	0.73	0.01	0.06	0.2	1
1778	0.73	0	0.07	0.2	1
1779	0.73	0	0.07	0.2	1
1780	0.73	0	0.07	0.2	1
1781	0.73	0	0.07	0.2	1
1782	0.73	0	0.07	0.2	1
1783	0.73	0	0.07	0.2	1
1784	0.73	0	0.07	0.2	1
1785	0.73	0	0.07	0.2	1
1786	0.73	0	0.07	0.2	1
1787	0.73	0	0.07	0.2	1
1788	0.74	0	0.06	0.2	1
1789	0.74	0	0.06	0.2	1
1790	0.74	0	0.06	0.2	1
1791	0.74	0	0.06	0.2	1
1792	0.74	0	0.06	0.2	1
1793	0.74	0	0.06	0.2	1
1794	0.74	0	0.06	0.2	1
1795	0.74	0	0.06	0.2	1
1796	0.74	0	0.06	0.2	1
1797	0.74	0	0.06	0.2	1
1798	0.74	0	0.06	0.2	1
1799	0.74	0	0.06	0.2	1
1800	0.74	0	0.06	0.2	1
1801	0.74	0	0.06	0.2	1
1802	0.74	0	0.06	0.2	1
1803	0.73	0	0.07	0.2	1
1804	0.73	0	0.07	0.2	1
1805	0.73	0	0.07	0.2	1
1806	0.73	0	0.07	0.2	1
1807	0.73	0	0.07	0.2	1
1808	0.73	0	0.07	0.2	1
1809	0.74	0	0.06	0.2	1
1810	0.74	0	0.06	0.2	1
1811	0.74	0	0.06	0.2	1
1812	0.74	0	0.06	0.2	1
1813	0.74	0	0.06	0.2	1
1814	0.74	0	0.06	0.2	1
1815	0.75	0	0.05	0.2	1
1816	0.75	0	0.05	0.2	1
1817	0.75	0	0.05	0.2	1
1818	0.75	0	0.05	0.2	1
1819	0.75	0	0.05	0.2	1
1820	0.75	0	0.05	0.2	1
1821	0.75	0	0.05	0.2	1
1822	0.75	0	0.05	0.2	1
1823	0.75	0	0.05	0.2	1
1824	0.75	0	0.05	0.2	1
1825	0.75	0	0.05	0.2	1
1826	0.76	0	0.04	0.2	1
1827	0.76	0	0.04	0.2	1
1828	0.76	0	0.04	0.2	1
1829	0.76	0	0.04	0.2	1
1830	0.76	0	0.04	0.2	1
1831	0.76	0	0.04	0.2	1
1832	0.76	0	0.04	0.2	1
1833	0.76	0	0.04	0.2	1
1834	0.76	0	0.04	0.2	1
1835	0.76	0	0.04	0.2	1
1836	0.76	0	0.04	0.2	1
1837	0.75	0	0.05	0.2	1
1838	0.75	0	0.05	0.2	1
1839	0.75	0	0.05	0.2	1
1840	0.75	0	0.05	0.2	1
1841	0.75	0	0.05	0.2	1
1842	0.75	0	0.05	0.2	1
1843	0.75	0	0.05	0.2	1
1844	0.75	-0.01	0.06	0.2	1
